GENERATED LIST TO SORT: 
	[100, 9, 14, -12, 57, 8, 2100, 29, 214, -212, 257, 28, 100, 2100, 29, 214, -212, 257, 28, 100, 2100, 29, 214, -212, 257, 28, 100, 2100, 29, 214, -212, 257, 28, 100]

=========================================================================================================================
RESULTS:
=========================================================================================================================
ORDERED LISTS:

SELECTION SORT:
	[-212, -212, -212, -212, -12, 8, 9, 14, 28, 28, 28, 28, 29, 29, 29, 29, 57, 100, 100, 100, 100, 100, 214, 214, 214, 214, 257, 257, 257, 257, 2100, 2100, 2100, 2100]
MERGE SORT:
	[-212, -212, -212, -212, -12, 8, 9, 14, 28, 28, 28, 28, 29, 29, 29, 29, 57, 100, 100, 100, 100, 100, 214, 214, 214, 214, 257, 257, 257, 257, 2100, 2100, 2100, 2100]

EXECUTION TIME:
	SELECTION SORT: 79803 ns (< 0.001 sec)
	MERGE SORT    : 298666 ns (< 0.001 sec)
