GENERATED LIST TO SORT: 
	[2100, 29, 214, -212, 257, 28, 100, 2100, 29, 214, -212, 257, 28, 100, 2100, 29, 214, -212, 257, 28, 100, 2100, 29, 214, -212, 257, 28, 100, 2100, 29, 214, -212, 257, 28, 100, 2100, 29, 214, -212, 257, 28]

=========================================================================================================================
RESULTS:
=========================================================================================================================
ORDERED LISTS:

SELECTION SORT:
	[-212, -212, -212, -212, -212, -212, 28, 28, 28, 28, 28, 28, 29, 29, 29, 29, 29, 29, 100, 100, 100, 100, 100, 214, 214, 214, 214, 214, 214, 257, 257, 257, 257, 257, 257, 2100, 2100, 2100, 2100, 2100, 2100]
MERGE SORT:
	[-212, -212, -212, -212, -212, -212, 28, 28, 28, 28, 28, 28, 29, 29, 29, 29, 29, 29, 100, 100, 100, 100, 100, 214, 214, 214, 214, 214, 214, 257, 257, 257, 257, 257, 257, 2100, 2100, 2100, 2100, 2100, 2100]

EXECUTION TIME:
	SELECTION SORT: 93629 ns (< 0.001 sec)
	MERGE SORT    : 329087 ns (< 0.001 sec)
